100
0 539 356 740 961 184 264 905 2 821 626 52 739 181 579 439 186 661 202 373 803 898 608 980 459 328 886 863 170 869 346 56 760 53 795 720 236 410 976 589 230 602 640 321 134 570 759 319 230 312 43 384 561 651 364 371 978 601 234 499 822 931 554 581 983 348 652 570 758 628 159 339 581 150 659 714 720 770 32 301 81 427 685 994 77 400 364 406 1000 597 904 821 527 457 753 861 804 405 431 913 
32 0 941 604 612 90 614 677 161 383 60 462 816 486 498 809 562 897 524 967 248 121 870 69 999 326 173 860 482 577 642 746 608 582 349 571 23 963 247 536 345 659 349 512 144 846 672 706 94 196 24 341 316 894 761 666 571 934 877 404 510 518 150 470 451 498 40 826 460 639 361 157 297 709 20 792 906 692 497 999 887 521 339 554 766 452 219 336 385 96 92 894 965 241 715 416 90 107 593 550 
97 953 0 58 745 13 77 536 918 768 33 268 6 905 606 559 670 409 130 357 793 577 448 39 541 40 753 308 130 211 900 31 307 204 88 51 216 516 587 485 284 971 752 641 875 358 200 896 118 681 604 911 257 404 301 149 443 405 809 924 616 60 954 922 264 393 325 831 909 911 316 544 881 67 184 107 776 735 2 894 415 605 156 23 8 456 172 803 212 332 726 827 391 32 101 6 424 425 837 332 
335 504 875 0 567 570 411 673 346 145 26 591 912 982 746 934 342 553 105 144 764 788 221 943 179 252 43 536 28 819 372 711 505 875 586 71 797 348 95 142 492 120 84 403 453 829 689 794 733 145 289 848 933 510 790 463 113 184 998 140 2 370 851 858 596 788 928 392 487 374 885 330 845 968 85 298 148 773 91 880 917 732 728 849 241 869 663 705 53 661 197 406 382 399 264 977 538 543 721 24 
269 957 353 113 0 277 437 762 424 209 205 656 478 936 735 678 528 603 341 232 7 1 780 765 382 178 380 710 715 274 430 738 542 387 91 7 663 879 120 438 88 324 93 917 611 179 594 490 782 934 74 140 934 853 256 315 31 635 25 745 261 806 835 802 544 277 160 206 155 280 996 594 955 88 510 918 267 104 407 400 37 480 891 323 333 147 989 715 133 365 811 393 171 645 547 714 921 706 272 428 
337 267 21 644 706 0 883 913 324 338 671 75 374 503 966 48 187 464 37 901 948 401 711 341 923 708 239 989 980 944 260 407 633 526 780 628 231 14 892 907 351 562 981 76 64 946 124 602 761 512 502 709 264 565 49 187 272 287 175 603 582 786 362 566 663 141 545 893 506 788 151 856 702 132 931 117 77 54 719 190 917 220 898 181 136 298 367 407 936 893 362 869 30 723 787 692 215 331 584 720 
471 87 575 172 218 505 0 288 646 911 6 835 827 578 732 359 713 381 77 472 316 969 833 185 998 907 971 689 121 653 625 840 475 711 766 646 280 622 286 925 532 291 760 711 220 843 69 933 224 146 756 539 466 940 75 816 846 397 856 966 402 480 157 876 542 922 522 821 543 807 746 427 449 857 489 21 699 909 305 922 54 60 813 872 999 887 687 196 284 542 161 37 374 317 912 267 590 785 440 132 
591 537 910 392 393 398 412 0 91 659 716 365 64 127 177 935 125 415 973 320 50 867 832 86 592 500 998 858 89 782 649 572 725 185 834 116 577 583 879 20 241 594 384 305 72 912 239 196 326 564 867 376 430 50 461 21 549 810 230 989 592 879 560 316 63 393 783 992 328 661 363 568 606 98 872 677 9 463 224 686 26 442 61 455 843 874 827 391 683 56 379 626 934 290 293 349 35 75 692 362 
87 406 929 44 503 153 72 863 0 615 647 548 992 440 961 446 282 186 272 24 868 679 754 846 965 44 138 313 430 565 356 791 3 761 71 47 615 575 470 829 189 469 376 180 908 688 977 542 873 600 565 93 279 319 290 595 714 427 259 143 991 614 285 346 726 707 744 692 282 213 520 822 681 247 354 941 935 330 482 159 282 46 603 912 716 892 506 429 319 764 923 661 729 207 358 454 914 101 497 547 
314 16 368 346 262 721 638 548 403 0 119 59 36 517 661 947 584 553 804 365 223 567 287 235 295 846 593 100 111 693 596 657 358 963 376 56 576 97 693 124 851 164 182 886 32 842 184 967 746 987 331 320 905 618 555 199 463 499 650 573 191 597 581 901 559 956 956 134 404 1000 257 606 515 790 491 898 984 26 865 729 364 195 49 268 164 955 466 626 453 467 550 995 63 482 895 621 438 202 107 841 
554 715 447 420 505 289 318 840 667 534 0 568 30 728 968 298 892 922 115 869 726 934 771 721 996 252 615 969 41 169 75 234 722 141 32 141 645 672 810 836 338 343 404 720 423 723 369 666 997 483 886 722 416 656 442 764 260 409 732 300 577 158 885 650 298 916 142 295 588 952 130 277 294 885 996 716 960 364 733 956 199 619 677 966 274 471 729 885 879 812 537 807 321 421 808 971 689 949 265 628 
900 746 904 546 983 252 613 942 967 346 249 0 517 964 925 483 589 747 563 474 977 727 362 783 399 782 590 369 822 891 985 449 790 83 353 687 65 956 652 358 922 997 606 439 312 882 273 900 629 187 725 605 265 86 740 664 220 681 32 41 571 17 490 713 451 194 399 515 149 402 872 422 398 829 860 709 710 484 961 338 23 37 295 287 123 34 950 694 66 334 734 637 702 575 701 152 768 451 666 268 
853 889 690 602 717 901 663 778 737 623 116 759 0 659 410 45 133 795 347 826 212 680 912 200 381 838 900 532 958 351 549 225 555 789 266 156 857 519 818 634 255 792 101 13 451 510 409 935 656 755 761 868 786 24 67 166 861 319 49 818 21 597 395 575 737 660 730 593 178 900 579 432 691 679 796 493 541 557 428 548 311 540 415 97 915 834 614 775 504 663 945 524 611 339 450 348 350 531 292 528 
430 870 311 473 549 459 965 441 15 392 988 677 283 0 755 125 197 940 739 324 443 753 268 318 363 958 767 62 307 297 354 834 79 575 497 551 475 955 515 915 321 259 903 997 893 9 474 90 948 212 413 390 316 32 707 678 989 825 740 647 121 445 481 551 19 329 101 494 635 968 760 955 226 14 303 118 22 776 559 969 339 323 358 654 706 416 684 694 592 775 341 713 571 173 615 589 853 716 434 487 
683 194 793 260 207 95 729 581 223 288 549 561 962 259 0 567 668 674 602 361 618 376 53 682 946 577 296 886 429 11 672 267 45 217 59 656 775 154 385 355 728 672 904 640 633 162 206 652 187 159 13 804 886 417 485 183 346 781 69 774 143 92 393 540 308 451 195 82 956 579 437 683 602 340 323 587 853 880 238 391 39 602 195 924 371 31 459 716 163 527 841 658 970 233 197 277 36 743 358 991 
674 794 674 275 485 348 213 337 227 803 728 617 756 274 893 0 126 656 351 193 819 229 34 476 198 618 24 826 653 766 183 996 439 977 21 66 813 368 278 502 946 432 581 915 188 854 807 665 509 509 858 679 89 243 154 638 212 177 463 217 943 645 212 733 973 232 798 138 951 428 639 896 859 219 810 398 424 968 63 932 828 272 963 916 866 116 905 429 645 367 645 939 364 208 671 688 439 821 825 389 
248 463 637 458 33 798 856 456 766 270 740 945 893 702 213 110 0 817 117 538 813 836 535 751 551 742 774 238 533 594 415 921 841 877 909 298 262 707 505 717 824 774 456 768 666 157 980 127 326 449 665 138 284 551 889 834 292 14 423 824 607 837 97 447 66 5 96 327 711 601 43 534 374 851 654 392 7 633 518 332 81 534 822 716 84 710 549 728 75 324 551 681 160 999 479 577 4 574 903 66 
174 298 952 900 148 605 643 506 237 160 838 670 46 659 385 481 720 0 286 208 794 609 111 826 120 109 304 697 464 877 951 882 403 600 833 302 99 789 944 605 377 455 794 46 852 452 431 333 523 68 892 668 676 2 493 795 463 796 843 278 24 146 159 426 97 343 727 196 483 22 800 860 829 593 905 680 396 687 12 270 754 256 937 781 257 781 928 71 576 770 349 599 267 859 377 364 554 455 559 36 
477 710 247 305 302 152 336 49 190 700 318 296 955 606 76 211 386 3 0 634 313 125 334 911 391 544 639 106 97 94 664 485 922 725 731 578 378 234 913 426 776 612 95 71 566 700 146 129 85 149 114 397 625 447 660 15 990 298 121 439 743 136 275 664 213 357 241 590 943 506 16 718 117 110 140 35 162 637 515 246 785 628 995 761 426 6 776 767 655 248 205 398 735 831 61 947 188 654 537 130 
159 904 199 627 365 690 661 526 326 527 124 463 506 470 223 931 475 998 698 0 481 597 254 878 332 85 291 630 272 296 518 753 454 421 303 80 138 992 93 15 317 971 490 779 477 959 2 407 785 351 456 266 300 710 495 631 794 785 612 417 80 130 521 885 902 175 317 39 166 761 406 834 731 895 965 207 206 318 966 990 20 421 607 319 130 102 301 275 886 913 43 318 394 915 202 295 89 518 686 606 
278 443 440 9 337 756 567 542 73 532 884 92 305 490 763 434 591 63 61 829 0 975 455 146 720 370 699 15 458 569 52 64 198 494 855 558 182 610 125 724 34 8 959 477 312 448 239 98 391 654 158 571 980 612 716 700 333 766 714 791 334 117 854 532 610 60 89 143 21 565 866 406 573 176 234 884 624 825 981 366 478 490 936 457 454 3 156 786 120 221 576 454 689 781 337 298 192 777 793 212 
342 658 969 914 186 203 149 161 27 482 526 504 971 813 312 776 167 468 562 286 40 0 489 739 729 622 427 378 813 204 170 377 897 180 345 162 365 899 310 525 925 791 402 780 114 214 92 241 380 911 154 665 950 643 756 30 616 534 408 780 737 929 508 985 108 205 146 824 103 456 348 28 598 749 807 63 314 250 304 693 160 457 710 462 451 817 491 66 350 250 846 87 179 705 423 638 909 569 462 12 
24 161 391 973 262 549 388 575 799 691 620 310 499 329 123 950 145 966 367 494 215 564 0 932 745 269 355 735 177 275 196 188 298 356 930 622 969 479 9 544 277 51 163 938 550 843 61 499 987 26 865 832 592 781 116 337 49 822 71 225 96 618 765 745 325 694 366 294 524 727 189 152 777 351 90 326 193 150 176 531 527 393 714 118 173 829 806 573 650 228 797 97 845 913 841 522 959 559 815 482 
285 355 634 413 705 723 91 249 224 266 131 102 10 844 219 534 25 377 106 26 604 255 123 0 801 167 963 674 125 521 840 959 157 194 592 570 898 666 660 498 241 277 628 342 639 823 912 172 847 288 630 873 244 884 995 396 402 309 69 879 182 908 837 338 101 780 259 350 445 918 847 685 547 826 378 185 648 289 708 847 577 689 719 172 572 65 567 326 725 635 556 906 894 392 596 994 523 854 343 319 
124 541 355 670 718 732 206 365 20 913 211 948 954 281 119 525 697 685 202 774 671 757 679 564 0 500 626 909 22 480 251 340 603 143 694 624 860 425 829 577 797 93 139 744 46 772 863 923 820 899 124 593 570 233 272 485 732 897 394 754 728 996 445 330 139 491 953 350 915 133 278 63 226 417 807 623 540 669 545 359 919 21 952 840 253 575 325 984 471 70 89 199 65 534 880 555 24 185 257 290 
317 534 353 894 302 511 517 841 531 61 200 449 81 151 289 333 725 965 669 547 34 757 97 450 290 0 329 5 665 513 261 307 181 794 659 427 448 521 943 288 51 355 487 499 788 989 139 472 65 103 140 964 488 897 60 938 538 740 294 555 252 554 861 785 699 871 211 146 391 505 786 441 211 272 291 998 613 430 470 29 884 961 992 724 209 52 661 99 791 954 653 395 859 865 531 557 87 93 55 477 
597 840 269 807 463 559 157 427 340 978 456 224 938 447 947 499 850 959 597 993 264 601 739 122 465 269 0 30 551 713 436 379 309 275 647 467 90 557 975 516 897 952 323 472 242 770 770 740 971 728 336 315 991 288 53 464 752 673 845 654 385 281 384 45 907 382 864 996 938 838 864 186 790 186 657 31 307 426 122 630 505 457 944 847 96 997 310 847 21 507 852 758 787 235 802 693 616 17 41 905 
855 904 91 996 441 99 378 100 525 499 729 381 307 672 228 402 20 889 600 41 395 803 150 533 37 303 578 0 4 320 618 260 526 873 702 873 665 801 250 764 325 100 492 57 406 516 284 159 535 525 758 927 271 560 76 804 948 379 381 303 698 350 914 575 574 616 447 238 416 696 2 92 147 845 148 552 360 784 62 247 308 819 173 578 730 601 381 29 979 113 683 28 462 596 602 35 211 400 625 626 
95 626 69 241 822 217 144 182 1000 205 780 659 375 952 588 456 552 321 484 882 433 166 261 247 761 214 633 324 0 613 257 301 59 234 370 651 56 938 146 589 289 350 720 947 76 671 534 531 575 206 14 808 639 531 69 237 644 634 869 967 247 478 267 657 711 988 308 118 925 453 58 565 155 777 511 230 800 397 113 726 602 126 533 592 9 953 828 652 587 49 618 185 526 236 841 588 576 500 58 500 
305 115 417 459 244 927 40 43 675 152 768 629 630 652 572 638 957 752 289 895 800 258 79 677 845 271 264 420 123 0 673 272 427 788 688 237 383 966 276 425 993 780 544 973 409 547 544 398 503 295 38 397 446 647 827 122 491 98 738 263 572 410 886 998 549 925 234 931 242 861 707 234 992 602 206 752 149 102 149 3 748 538 400 194 184 578 315 27 675 404 641 598 814 526 595 714 802 180 645 43 
393 703 277 384 305 834 136 805 287 636 807 35 174 558 228 709 136 894 735 162 650 727 760 815 604 706 528 405 886 172 0 448 278 875 724 661 531 909 148 335 548 784 493 582 957 51 161 665 538 406 752 699 55 478 810 869 82 516 397 486 401 920 285 30 146 360 42 676 269 190 362 816 973 855 749 281 257 261 297 146 666 48 844 73 878 6 293 311 521 689 148 273 961 433 302 106 792 695 134 412 
884 847 579 208 53 679 488 309 939 785 454 605 184 650 29 61 7 321 723 527 362 223 799 322 655 452 779 798 146 912 562 0 382 759 492 589 811 171 77 472 109 861 277 65 396 278 93 809 284 766 531 162 127 753 312 448 759 763 226 909 261 490 470 642 600 961 230 762 483 306 585 592 518 214 8 914 491 453 74 127 218 604 288 344 709 600 143 467 714 368 727 974 209 196 615 160 509 197 922 991 
502 858 934 372 71 942 637 914 746 710 40 963 665 679 658 373 630 800 192 344 519 918 669 80 466 636 239 974 832 512 316 685 0 370 250 56 440 543 44 705 640 753 744 954 418 775 611 142 404 762 685 99 280 603 768 711 420 403 950 745 234 813 60 918 182 661 326 974 555 369 678 194 474 774 499 891 900 109 384 303 222 69 754 854 671 521 564 442 275 865 186 508 678 597 777 859 258 102 184 164 
823 214 710 296 987 208 538 238 669 921 540 890 989 293 743 11 165 307 452 439 171 989 298 200 586 427 59 195 880 594 358 702 807 0 419 997 145 627 886 382 295 807 274 184 795 918 927 158 83 585 961 873 107 950 523 307 535 949 717 81 180 310 790 882 469 209 230 613 835 116 347 129 274 620 664 420 537 942 577 971 878 538 196 985 487 70 643 373 370 711 805 549 20 594 782 840 802 12 805 988 
479 151 468 752 770 132 171 658 425 100 981 303 637 528 639 475 597 281 199 966 991 3 866 362 948 648 202 102 11 6 89 489 508 557 0 592 629 688 114 638 112 213 618 766 201 497 404 675 445 684 225 762 26 579 628 388 527 627 941 628 637 298 68 477 157 624 420 785 663 533 422 127 98 392 892 298 888 296 325 333 331 549 94 357 128 73 96 6 699 36 985 335 685 52 163 841 28 582 977 690 
115 398 816 212 141 708 861 29 355 185 713 685 734 158 41 213 231 136 570 929 523 906 616 559 957 778 399 336 360 375 26 826 125 841 389 0 265 900 249 645 254 434 357 939 519 515 331 83 97 467 652 25 341 909 640 900 217 418 650 553 129 377 578 954 853 770 342 117 22 590 114 627 375 470 917 893 336 248 327 432 66 330 809 406 238 448 657 455 217 659 7 345 35 936 298 887 57 991 355 78 
581 468 57 307 290 973 552 625 220 878 409 285 208 217 43 445 664 51 899 233 709 257 577 743 192 227 981 601 217 336 30 149 155 86 456 444 0 59 7 421 278 884 829 915 91 45 309 888 60 359 138 292 68 395 221 162 938 447 495 538 663 830 568 812 336 653 619 780 63 977 552 341 860 380 607 303 776 267 542 187 625 679 479 44 73 51 558 363 497 52 900 159 233 819 322 568 824 292 699 886 
268 250 578 480 981 536 134 756 802 675 943 779 353 773 822 778 823 731 140 319 782 391 829 366 562 503 286 737 146 984 622 414 586 552 245 566 87 0 378 674 241 404 616 19 108 740 192 885 914 923 376 584 56 767 412 422 680 266 707 416 412 42 389 177 627 940 421 193 379 150 866 619 553 833 637 660 924 180 897 837 102 272 420 158 390 183 931 421 449 637 836 212 678 225 388 657 516 160 849 246 
309 66 216 213 250 852 872 173 384 120 361 485 744 780 994 485 314 924 906 762 560 741 325 590 317 64 246 185 223 446 782 531 863 998 743 464 201 967 0 988 584 86 348 69 181 479 62 666 792 986 571 906 897 663 230 486 332 294 83 868 516 880 649 399 742 646 493 205 847 459 192 430 897 891 850 77 369 912 94 161 249 664 66 497 679 647 335 10 940 417 229 808 649 877 206 390 523 698 947 721 
509 490 150 757 381 1000 833 749 263 927 909 863 942 326 359 972 973 45 981 912 462 561 71 110 438 628 851 312 678 797 32 186 639 533 942 19 532 126 767 0 146 404 28 360 698 353 71 669 325 115 2 589 928 562 11 389 999 639 240 310 316 388 693 853 26 226 146 396 109 271 163 255 27 542 966 724 246 36 392 923 151 745 511 430 307 873 819 657 511 410 967 178 149 659 30 527 236 175 922 345 
798 436 951 824 977 916 899 575 304 642 497 806 387 359 235 693 231 53 349 742 814 667 271 963 678 301 489 913 827 762 257 624 550 207 799 878 475 697 452 778 0 691 948 583 77 306 169 121 537 222 469 630 387 488 900 349 165 552 189 429 379 951 38 354 500 244 505 377 70 553 181 199 243 128 781 319 434 950 791 970 523 612 599 909 99 850 610 615 402 798 43 132 100 80 485 951 676 989 680 97 
542 860 296 136 339 428 807 772 729 597 93 251 208 43 512 658 893 473 272 646 622 667 777 722 98 261 24 125 602 55 222 495 266 869 630 605 296 436 728 25 33 0 821 627 592 863 490 250 107 962 873 752 584 539 528 657 637 141 32 761 742 87 334 236 704 202 865 308 498 653 36 874 37 208 500 980 70 342 229 529 303 102 280 238 992 160 246 628 300 278 741 41 716 74 276 419 628 492 79 477 
496 466 350 884 673 201 864 94 542 92 622 197 545 254 786 537 413 32 164 712 309 256 752 24 682 379 794 309 222 872 785 70 337 486 953 9 686 816 455 580 260 76 0 128 804 329 913 340 741 944 856 804 252 111 907 627 144 637 421 452 859 292 588 280 981 425 232 989 111 48 443 42 307 871 169 462 551 81 802 644 25 9 447 628 119 354 255 615 990 675 418 200 318 6 479 298 430 63 639 892 
462 433 933 120 303 453 581 206 534 734 849 910 742 647 537 213 1000 791 827 342 817 244 893 135 601 724 432 383 138 70 626 599 855 559 718 157 363 650 714 896 384 562 157 0 477 209 694 689 560 836 867 253 653 463 146 139 63 221 570 797 358 992 423 308 198 333 377 354 695 26 68 943 761 981 99 590 189 792 278 101 980 497 353 632 959 850 770 373 70 691 170 779 34 944 86 231 276 462 937 970 
840 356 264 952 336 363 541 877 506 171 977 485 667 681 468 977 531 237 349 600 280 870 731 665 165 816 248 440 630 184 762 469 891 25 772 578 387 313 454 245 483 782 729 149 0 463 197 477 993 785 177 944 416 399 26 81 563 842 328 3 823 863 764 643 753 140 414 330 527 726 136 123 208 917 851 708 731 399 184 75 184 713 371 951 111 396 383 673 589 710 675 411 924 790 53 676 930 819 358 808 
544 493 930 104 761 132 163 492 531 699 918 66 411 288 16 521 684 399 193 272 460 220 35 384 361 439 411 290 257 768 449 153 612 378 608 373 862 770 216 392 820 133 809 230 773 0 824 102 808 574 647 431 386 866 465 769 578 256 531 868 864 299 668 16 262 398 623 634 259 745 201 2 564 686 810 146 458 633 247 265 559 893 47 944 110 512 64 688 119 594 907 982 244 574 998 506 971 972 491 229 
68 692 582 632 377 391 777 186 24 23 802 934 268 848 877 729 711 940 416 829 885 674 163 129 248 160 634 570 483 476 151 551 167 732 182 895 123 310 80 498 684 233 431 951 433 659 0 680 143 950 447 324 834 121 486 314 720 997 299 289 479 775 439 381 941 171 914 188 645 223 619 142 259 852 924 209 284 582 240 778 531 39 101 364 511 586 30 230 934 328 870 765 102 309 145 395 831 59 582 827 
633 200 968 891 51 891 452 686 472 43 464 354 433 564 69 943 502 98 172 435 426 42 199 527 702 696 273 884 754 854 710 738 54 677 981 456 919 432 142 742 826 605 447 259 168 515 201 0 21 613 725 456 390 118 6 268 171 701 541 54 806 394 763 544 799 791 524 255 61 307 396 154 484 1000 600 742 519 114 295 892 78 371 347 819 840 704 87 10 405 979 63 210 724 177 105 523 319 980 777 731 
286 524 884 122 875 483 863 393 948 509 284 378 879 982 196 718 38 634 79 442 964 141 3 688 669 460 210 339 439 338 69 77 861 952 198 735 434 412 479 734 921 115 111 151 448 658 221 485 0 292 299 278 255 792 633 942 460 92 503 799 530 192 219 958 52 171 507 138 956 919 969 689 191 435 151 341 882 809 561 719 452 212 996 706 3 628 1000 814 71 854 964 601 46 183 910 449 705 417 939 660 
335 907 701 525 693 203 217 926 11 130 644 462 341 992 520 695 971 871 508 42 76 824 994 473 358 903 922 62 671 860 73 357 118 773 881 810 976 450 735 338 579 731 152 919 722 23 965 44 245 0 472 85 320 647 78 793 4 333 66 417 3 925 490 360 394 262 592 555 589 41 641 279 971 371 430 241 444 452 205 488 696 29 924 367 675 354 159 31 686 224 447 40 500 936 751 893 550 343 447 490 
735 440 768 58 810 197 298 606 1000 503 445 695 531 368 414 557 721 572 587 758 148 386 150 647 321 900 892 870 594 690 360 681 129 479 738 291 676 35 896 675 889 340 722 771 59 135 680 132 58 266 0 889 205 651 38 204 324 290 95 545 883 136 904 563 265 735 652 555 410 39 802 436 927 141 509 50 551 995 729 682 405 346 923 609 349 312 164 672 601 610 216 836 746 472 750 10 206 402 916 967 
440 717 754 718 209 263 767 759 609 495 793 13 193 715 974 541 378 137 212 331 747 779 166 844 602 915 853 159 316 768 125 107 484 879 825 44 493 591 802 453 438 946 466 630 12 791 170 390 279 733 720 0 377 863 885 220 465 151 72 975 467 191 100 573 26 330 749 69 174 340 223 626 129 168 443 758 180 585 279 921 864 363 640 240 225 876 460 41 26 883 16 844 426 467 769 803 796 517 872 321 
208 446 298 336 613 93 93 144 677 723 64 540 85 55 132 662 930 943 702 956 177 69 151 602 535 919 405 682 436 628 2 643 73 652 979 37 744 423 181 420 146 244 312 582 299 443 243 580 385 945 887 561 0 13 38 515 900 956 271 581 743 898 935 738 970 586 68 6 329 842 538 748 987 782 59 921 432 853 163 363 237 459 250 150 824 287 16 723 594 286 303 689 183 237 778 504 822 845 509 150 
686 399 250 25 180 660 945 963 513 459 325 101 918 926 250 741 212 265 463 158 550 117 198 84 354 975 587 527 819 448 29 856 846 278 880 377 937 176 691 801 635 367 902 904 293 151 996 856 768 458 13 669 926 0 210 753 631 536 691 158 706 138 538 562 335 815 793 63 103 969 753 904 955 120 805 858 412 307 853 267 426 662 632 95 939 193 199 570 729 241 727 434 731 264 347 65 430 140 128 884 
108 232 139 414 351 295 623 114 602 475 381 379 488 364 473 426 556 23 995 636 264 73 422 994 688 768 410 469 907 537 353 366 121 491 779 471 786 401 585 739 227 317 117 66 32 942 844 939 964 838 575 579 263 996 0 572 302 763 334 771 22 222 475 387 342 317 166 813 102 918 749 192 497 417 309 562 800 602 405 738 565 595 312 496 209 659 419 510 774 752 632 795 974 106 181 315 423 698 479 876 
968 579 68 464 995 728 25 794 329 782 532 245 376 195 92 584 854 511 445 979 262 77 773 587 534 305 902 956 3 732 184 970 311 603 785 305 330 809 451 10 942 334 606 317 880 698 252 85 560 49 63 821 125 187 408 0 10 492 661 966 846 392 501 167 702 103 951 359 784 111 161 145 53 846 102 721 725 799 325 162 358 373 224 531 849 411 290 858 254 950 175 99 693 675 265 395 129 567 105 912 
677 265 408 729 462 510 802 186 660 126 347 18 498 923 900 346 685 189 203 938 490 378 36 182 404 652 928 533 218 32 796 246 648 204 975 109 713 128 647 372 253 345 741 102 267 640 447 303 180 1 240 21 730 627 203 134 0 630 482 18 847 866 813 93 865 16 419 974 80 546 972 452 150 316 544 251 935 536 49 237 715 49 829 88 779 455 642 264 85 123 633 283 988 445 727 853 813 145 178 892 
42 149 695 191 816 239 793 102 126 841 339 840 890 519 279 20 325 920 283 761 43 915 44 382 711 770 586 875 267 763 767 308 263 813 851 431 403 643 532 528 484 222 720 725 92 998 744 417 918 378 177 312 644 572 693 706 694 0 631 581 960 745 699 619 360 863 821 790 266 816 673 145 299 247 216 375 338 214 470 106 483 199 283 146 842 206 190 899 899 820 479 210 565 529 829 924 392 649 65 9 
816 737 153 114 983 721 840 673 286 309 778 768 507 412 265 700 618 454 599 516 274 429 726 838 310 906 113 701 906 177 61 722 913 213 187 248 285 27 272 570 687 49 337 546 461 601 597 430 407 547 297 680 976 374 869 637 279 981 0 337 537 157 397 258 421 961 796 668 246 174 291 815 861 340 504 758 152 456 354 933 862 901 229 893 228 603 761 864 881 741 552 769 897 300 26 670 612 174 689 209 
347 980 376 559 671 879 316 174 686 22 106 900 274 334 792 501 936 553 716 169 645 267 937 542 918 315 563 529 488 251 738 186 230 113 97 900 343 412 73 28 785 178 279 58 864 71 910 151 975 625 319 619 243 608 512 160 274 74 41 0 113 325 778 298 554 890 394 806 584 158 230 963 294 760 242 352 623 312 613 773 638 590 444 256 832 403 768 344 676 193 384 788 517 513 437 423 754 183 580 337 
692 809 299 985 568 540 688 190 203 653 315 840 242 110 448 425 512 215 768 187 407 503 326 276 15 114 698 768 648 277 456 339 437 755 676 5 646 715 546 201 367 212 40 960 321 487 385 832 53 504 370 812 7 47 87 373 161 136 493 160 0 764 948 851 200 54 526 556 52 592 102 252 311 665 291 270 986 130 654 817 534 158 187 697 516 233 783 240 745 270 732 257 385 32 107 937 437 984 492 488 
575 945 739 885 610 382 155 595 863 160 763 396 669 949 93 184 534 227 776 630 849 507 886 233 890 992 169 327 975 13 814 902 957 553 786 918 934 292 512 148 804 275 543 472 575 987 8 460 566 783 90 414 641 975 998 531 319 519 857 645 531 0 22 546 839 926 684 757 211 327 268 358 130 894 901 954 469 239 961 280 804 95 369 569 735 696 919 617 366 437 825 10 319 847 908 157 772 591 913 983 
269 533 692 399 426 592 704 246 183 16 526 338 110 246 259 196 941 177 813 658 965 989 668 283 835 575 791 959 517 704 293 785 588 984 535 365 928 238 963 110 253 488 799 362 85 57 910 378 585 74 35 549 62 54 183 897 628 974 207 496 29 499 0 281 968 834 815 332 761 405 294 222 657 133 21 371 218 429 280 595 14 353 981 914 414 35 449 662 14 774 220 510 154 718 790 121 552 956 452 664 
360 746 886 17 878 258 739 447 38 18 41 51 722 22 317 487 408 117 501 421 890 720 930 43 790 71 163 341 27 966 356 738 711 241 106 941 850 844 387 888 213 780 290 286 153 958 773 560 74 625 980 963 344 262 357 133 332 871 825 358 837 181 448 0 899 773 553 839 623 397 578 862 609 357 151 895 861 109 19 420 182 643 751 497 338 12 205 471 344 76 647 53 912 827 500 162 600 53 1 574 
801 930 435 761 638 937 7 498 45 25 917 579 19 19 75 357 31 279 179 726 706 825 778 969 4 630 131 955 682 483 528 834 412 314 594 49 250 601 898 647 977 814 225 996 184 299 704 214 929 234 939 987 58 69 955 413 698 85 367 731 919 246 564 330 0 911 157 730 161 109 627 807 86 792 383 433 976 681 136 541 961 369 480 947 778 548 254 191 245 690 909 975 609 507 890 290 417 46 20 577 
155 998 735 592 142 117 24 469 149 159 9 462 879 488 760 8 387 13 550 983 703 459 309 311 965 198 952 381 244 971 310 750 321 396 341 814 865 364 282 365 874 290 178 752 130 938 759 516 302 661 851 356 119 159 18 435 357 970 167 952 292 828 701 612 576 0 393 425 792 756 706 156 981 348 334 84 477 623 842 344 276 854 194 632 972 353 649 758 709 618 925 12 910 104 712 873 679 456 650 470 
563 707 978 543 54 663 626 530 285 819 226 560 673 419 191 996 123 192 754 831 809 30 842 70 133 905 943 164 360 592 633 922 650 962 816 704 624 441 585 260 260 810 820 284 581 362 279 703 553 32 886 714 413 79 783 546 984 77 61 695 668 45 969 318 7 784 0 373 630 577 957 890 188 119 61 471 699 422 101 401 327 485 638 392 897 717 174 794 52 251 854 746 270 899 66 939 905 202 311 886 
130 620 775 317 738 187 139 788 961 239 540 287 75 178 678 972 894 203 117 945 805 323 42 75 221 460 13 477 661 676 714 142 295 841 458 384 27 948 523 987 538 62 625 613 239 654 936 484 209 404 780 13 726 822 87 298 633 452 126 293 127 840 786 773 680 595 156 0 706 542 678 45 431 91 669 395 682 675 682 165 883 86 945 895 163 118 334 461 750 785 586 394 263 425 179 35 456 773 542 162 
666 571 558 96 661 226 491 342 252 172 507 486 609 803 381 772 920 66 232 21 202 169 414 464 946 592 850 401 716 391 914 381 961 471 476 973 49 318 315 300 490 173 786 98 327 518 221 598 935 804 618 136 973 31 599 918 974 448 670 689 190 584 421 502 54 248 474 102 0 566 140 754 407 312 539 856 990 408 77 587 342 880 204 477 204 586 427 121 911 226 143 951 415 726 371 916 779 619 741 233 
184 881 986 942 544 876 797 534 283 873 472 976 105 676 452 308 613 230 781 524 807 923 474 221 648 197 488 778 815 580 10 350 460 347 291 356 222 439 889 504 312 360 479 768 387 282 75 352 863 855 875 669 129 700 241 776 896 80 906 62 660 267 763 471 614 405 826 187 844 0 66 43 507 778 873 274 516 507 348 867 369 555 741 390 683 441 630 811 688 710 68 750 721 686 864 191 651 269 17 838 
464 434 880 970 211 752 595 727 258 294 593 979 848 686 368 883 478 997 45 165 58 112 266 778 797 130 969 448 750 337 637 213 770 516 534 981 619 128 59 229 421 651 207 621 688 574 503 165 922 899 682 980 362 947 757 158 428 77 957 529 413 593 741 183 460 626 515 431 753 573 0 659 174 575 865 146 263 438 1000 427 359 898 108 690 259 407 447 768 186 523 725 715 288 669 807 470 481 433 336 911 
537 908 569 710 834 785 207 448 574 206 875 284 103 334 974 361 92 420 481 278 294 557 344 581 225 502 402 57 934 737 319 471 996 239 532 182 23 739 629 596 296 855 880 399 541 853 111 632 624 591 261 269 147 956 202 724 458 603 132 743 692 451 213 39 689 97 572 64 187 201 659 0 482 55 890 232 947 742 343 579 717 285 191 986 432 147 539 507 604 141 638 698 184 440 911 575 129 359 146 192 
545 698 202 378 105 92 610 51 185 304 981 902 940 172 239 723 670 777 229 625 269 219 322 805 658 232 731 786 942 228 329 838 926 531 216 30 974 177 432 158 832 413 411 771 584 1 494 253 777 722 877 398 940 550 554 950 782 284 735 75 511 416 913 788 298 480 169 271 656 601 780 487 0 13 543 609 948 543 102 552 672 176 780 421 467 329 974 416 462 257 503 537 119 918 449 259 567 928 427 837 
935 379 968 773 391 510 381 690 405 835 241 76 10 20 496 476 349 469 892 810 77 394 698 547 663 146 805 229 425 584 417 711 962 384 835 705 246 568 394 650 402 635 77 411 6 572 886 706 392 129 516 820 522 565 366 536 63 523 764 487 106 180 550 67 916 384 771 513 951 517 162 704 151 0 238 114 508 161 352 214 552 832 81 723 354 645 88 241 707 610 5 546 67 536 95 134 451 830 256 963 
133 772 476 836 274 65 302 782 577 5 347 480 836 427 202 189 423 290 782 130 251 786 27 318 673 473 803 124 302 410 438 786 182 266 974 807 682 275 588 259 279 934 738 114 712 292 655 135 933 436 616 183 573 642 852 245 114 6 720 767 416 510 905 949 127 878 755 808 504 695 418 782 980 508 0 247 44 799 253 530 731 40 145 265 612 138 469 209 603 826 280 721 593 789 625 541 267 854 648 75 
357 694 844 490 25 351 89 68 501 341 597 231 381 93 848 344 230 316 552 184 141 832 905 734 972 881 626 239 735 625 665 91 318 508 933 695 211 21 762 711 713 711 294 445 803 141 789 385 808 692 920 948 875 824 33 847 705 11 437 791 635 101 233 305 608 165 999 170 537 112 881 250 822 174 694 0 977 314 834 713 121 526 632 420 400 808 805 598 864 815 34 654 801 134 886 105 94 403 455 263 
291 567 495 540 388 668 586 716 333 771 428 805 296 412 577 48 219 381 645 82 547 679 735 347 164 972 452 257 374 258 872 17 824 366 556 564 386 493 279 718 264 59 875 911 470 451 310 688 183 955 769 729 985 855 75 500 178 878 109 904 136 980 920 959 697 827 874 82 320 153 152 935 211 378 197 32 0 828 507 719 362 813 839 90 149 45 516 648 222 394 756 125 881 87 44 191 784 871 65 217 
542 569 720 828 131 97 376 162 276 234 880 637 46 70 78 546 114 594 194 335 339 301 812 219 388 855 409 523 77 473 91 618 393 811 797 523 259 173 684 887 406 915 523 804 984 953 349 97 898 542 784 236 195 595 454 582 801 214 456 878 39 546 495 431 708 292 954 967 464 637 853 221 552 727 24 535 31 0 373 984 928 266 119 163 460 65 968 393 865 182 848 742 220 746 237 650 805 880 955 771 
695 592 975 915 495 54 291 381 84 663 716 12 928 834 526 740 898 494 132 763 675 332 504 246 429 92 247 233 323 202 356 17 145 330 284 639 735 574 371 171 236 87 534 515 920 59 254 818 552 738 932 578 69 787 175 497 879 774 81 201 975 436 570 471 118 853 461 852 778 831 374 365 917 907 231 189 966 485 0 358 869 574 289 799 994 75 973 842 305 746 922 858 72 358 427 542 827 631 354 30 
760 185 404 124 453 310 354 641 627 190 998 496 115 638 294 108 713 618 949 369 364 871 226 435 580 4 329 758 986 34 787 745 218 190 220 23 852 574 663 478 115 13 973 230 650 618 337 714 236 638 83 599 860 308 385 439 664 65 196 649 99 334 394 668 524 965 690 375 538 705 852 5 717 177 234 366 794 570 80 0 381 559 162 331 418 821 68 856 484 132 403 485 582 737 230 250 612 194 939 338 
84 643 541 88 711 717 321 77 863 242 508 243 801 669 574 218 841 993 426 677 124 180 161 706 268 742 307 879 287 597 216 370 592 757 457 302 825 129 378 687 371 885 282 523 905 207 740 98 199 517 774 674 697 286 379 964 27 37 195 665 634 762 35 225 870 491 526 695 620 256 733 342 492 14 864 397 572 955 494 770 0 824 619 796 872 904 526 187 282 563 381 946 196 143 332 772 364 823 297 58 
794 904 791 487 396 156 702 144 728 8 989 849 831 607 644 702 862 522 241 143 84 621 440 631 115 772 402 479 946 50 888 91 954 678 929 349 186 630 492 913 637 480 113 820 438 109 873 299 630 113 793 713 86 584 695 552 355 96 30 652 145 270 94 98 947 22 798 132 3 641 396 992 472 509 811 909 969 35 207 598 500 0 351 662 585 935 356 488 641 451 870 645 947 139 738 397 85 760 194 569 
114 187 316 105 658 176 267 919 144 302 477 93 801 828 754 737 762 461 224 754 911 93 398 210 583 136 606 20 247 151 588 360 337 255 465 347 431 731 265 574 384 741 667 536 920 772 272 33 233 848 787 495 292 184 704 875 671 661 894 917 164 833 629 852 87 445 198 517 527 814 443 911 555 461 446 474 584 70 859 816 269 645 0 663 560 828 366 786 851 379 679 767 542 863 747 393 950 191 943 818 
718 756 612 980 310 72 425 136 656 846 994 823 114 990 485 26 169 203 163 19 581 842 786 474 56 884 218 5 75 160 175 144 916 786 123 577 210 899 64 217 97 409 391 210 750 876 587 919 78 750 937 10 943 722 835 350 958 404 355 32 564 881 527 831 18 649 759 227 899 175 795 995 935 186 557 685 61 495 603 490 244 539 851 0 538 613 37 888 570 440 594 953 355 826 479 185 843 479 296 70 
377 470 216 372 756 401 280 440 813 774 42 654 370 933 504 907 545 540 146 114 332 91 418 686 916 896 223 759 374 518 180 750 339 395 473 94 148 752 534 960 526 927 614 895 859 469 153 755 361 651 220 692 741 637 377 657 532 599 767 257 468 298 359 806 692 831 252 191 935 785 151 812 63 116 58 274 584 210 380 296 212 600 987 953 0 588 716 961 120 314 727 728 134 376 86 939 419 269 190 610 
203 326 112 366 741 227 423 14 162 984 745 458 196 344 796 148 932 511 460 403 177 538 130 310 913 568 600 331 836 790 940 390 467 403 755 207 629 529 572 143 512 317 952 59 12 747 206 295 610 17 49 786 554 179 447 818 98 46 149 933 187 440 674 6 843 780 564 823 308 136 317 171 804 268 230 167 367 787 462 328 804 862 465 709 40 0 911 527 489 308 27 421 847 466 446 204 660 225 767 835 
532 254 151 55 57 771 284 576 489 70 389 168 225 250 632 934 642 894 812 130 553 838 903 399 655 348 602 315 573 721 501 456 974 3 862 383 773 145 958 613 567 698 780 143 947 763 428 940 656 239 70 209 76 324 959 83 671 913 749 595 633 249 403 958 251 264 340 376 761 649 340 679 346 120 821 645 882 601 584 890 839 5 98 267 328 408 0 349 351 320 97 297 304 697 699 262 947 315 601 322 
427 602 662 105 947 133 277 591 366 877 527 255 68 883 704 334 563 112 34 913 783 482 209 439 178 260 52 124 926 4 798 352 605 811 808 552 295 84 494 660 313 372 267 380 607 970 713 169 433 98 81 568 579 641 358 756 252 409 231 177 412 28 528 17 190 335 920 484 771 765 144 83 489 762 814 95 731 526 263 516 975 695 435 553 335 792 308 0 587 200 538 763 963 918 643 331 107 329 250 943 
99 367 438 533 855 199 346 301 281 223 563 796 197 257 230 101 943 373 408 881 572 298 996 535 567 990 865 25 318 467 967 769 185 404 301 39 602 999 691 235 221 253 30 770 861 612 870 155 984 630 388 908 279 383 794 197 372 10 221 41 476 540 809 660 943 462 50 897 460 740 131 32 344 512 801 556 475 23 711 811 4 98 718 282 832 863 478 203 0 872 50 243 700 589 404 359 884 865 761 132 
324 852 262 707 196 125 860 751 952 882 813 762 885 910 831 518 741 45 347 295 916 396 890 615 985 293 326 868 509 438 999 184 289 612 890 484 88 749 587 39 982 399 152 218 661 334 735 753 378 81 400 646 477 289 260 813 933 937 32 441 374 382 624 663 345 865 498 432 614 84 823 947 835 326 165 847 660 899 599 389 332 350 34 160 638 646 324 922 582 0 355 362 956 736 337 618 80 202 115 863 
167 551 685 113 737 363 629 935 22 880 885 762 211 235 796 722 872 793 45 794 374 399 507 329 486 844 298 917 397 765 779 915 667 816 27 755 178 8 689 551 887 573 312 97 807 459 818 31 251 214 176 977 612 34 305 97 229 955 365 625 719 143 539 385 958 918 139 487 925 179 37 163 751 701 259 910 511 428 292 114 641 467 90 604 500 746 52 729 700 416 0 705 770 558 596 154 868 865 644 706 
141 822 95 303 925 147 913 186 657 692 477 122 684 943 563 287 794 309 690 874 360 105 931 130 14 878 635 233 742 631 291 234 804 385 888 80 531 800 265 539 843 741 661 526 35 575 164 181 883 205 54 595 661 336 76 674 213 62 259 306 692 549 539 848 933 426 927 815 577 192 353 419 932 365 296 967 940 811 147 174 15 552 768 675 888 195 701 452 257 311 758 0 300 859 648 147 143 74 426 957 
2 617 661 773 900 378 420 218 317 231 716 490 597 268 610 624 507 156 324 310 764 634 67 64 844 715 562 338 140 987 646 493 955 306 265 207 683 685 424 351 267 140 193 215 759 154 838 617 309 161 926 73 146 345 488 341 411 49 678 902 388 323 394 694 981 11 900 15 695 324 366 313 815 558 527 925 711 365 893 371 877 170 795 375 866 282 715 276 331 745 529 70 0 419 923 763 399 933 15 766 
979 690 131 291 856 40 169 780 102 885 24 472 762 193 267 488 411 548 554 686 230 298 215 651 69 489 766 467 773 780 232 751 469 714 393 324 753 561 455 854 446 478 678 559 22 944 46 432 843 599 470 425 249 36 75 317 876 840 135 648 971 719 398 791 432 142 114 537 54 920 390 499 749 419 409 123 362 806 906 557 405 375 333 5 762 407 321 637 599 455 284 921 525 0 33 712 957 174 177 493 
228 97 234 78 197 653 839 319 366 644 225 274 400 951 606 404 713 365 76 349 315 531 985 235 55 369 946 363 543 123 207 122 571 441 551 767 445 389 86 810 33 310 84 432 260 41 836 324 405 911 25 719 793 9 954 200 377 251 562 271 373 121 392 295 561 943 62 5 683 499 166 715 160 601 147 771 642 334 95 46 596 119 117 389 479 70 940 207 672 853 830 397 973 221 0 691 533 515 104 889 
198 602 407 264 113 7 410 884 648 95 330 46 691 800 514 431 278 935 370 836 606 222 665 2 547 238 45 79 104 148 320 653 102 726 917 214 84 678 97 84 773 426 129 815 225 994 245 854 928 966 690 533 539 354 887 85 943 931 516 47 430 835 699 531 912 615 745 995 645 193 78 417 971 558 583 195 551 179 401 830 144 442 363 682 795 601 767 738 531 282 136 960 468 834 843 0 379 801 587 725 
445 779 803 213 101 712 795 296 615 973 48 444 468 489 806 149 635 758 267 724 640 900 859 600 367 693 794 97 493 380 174 937 510 328 149 611 39 295 258 653 619 657 97 86 145 254 234 779 12 853 503 651 752 713 602 471 405 395 567 897 126 740 185 988 419 685 950 458 979 559 462 597 215 558 682 359 164 268 489 527 120 343 529 223 56 483 693 460 877 612 709 355 703 245 694 122 0 930 643 579 
260 201 40 209 415 950 242 773 465 509 613 991 980 956 519 203 11 353 895 470 582 506 530 936 209 775 629 330 56 623 260 315 823 651 523 589 600 765 713 64 625 325 406 605 280 277 159 290 629 405 112 210 263 993 497 823 767 477 152 822 99 763 489 273 413 363 861 365 127 573 780 752 250 186 708 529 814 218 171 794 622 634 356 884 978 852 706 745 681 209 918 131 971 758 404 736 121 0 616 100 
247 541 231 350 790 768 409 670 581 626 192 727 248 177 82 483 155 285 189 251 965 397 520 96 720 278 851 807 398 466 906 996 6 136 698 147 904 106 817 836 84 360 562 683 537 643 165 691 280 353 941 244 102 460 339 173 89 541 979 838 7 236 834 364 723 883 511 978 988 327 814 423 38 727 105 574 722 270 264 1 974 556 596 427 368 935 599 808 827 929 646 833 164 479 197 887 361 707 0 864 
700 385 29 475 422 108 579 348 829 200 963 181 526 871 776 952 238 62 551 45 889 479 690 721 995 520 269 881 232 327 96 284 63 477 758 837 584 336 184 412 888 146 592 413 16 719 364 605 781 266 2 669 97 43 741 91 563 10 323 794 336 770 429 399 246 186 587 829 522 770 592 761 915 535 173 283 254 536 887 34 154 888 54 250 283 794 340 845 803 14 990 491 783 419 241 381 604 827 209 0 
