50
0 374 459 3 66 146 153 700 873 839 678 553 823 480 925 695 857 389 342 42 826 592 916 376 799 589 113 229 575 815 634 277 189 444 279 606 590 783 305 814 621 335 718 795 166 642 489 22 31 182 
416 0 208 126 331 935 924 271 47 152 846 861 137 474 401 581 752 6 522 534 663 687 507 997 404 301 162 46 142 536 428 323 951 987 448 633 921 371 256 967 874 453 179 11 926 580 943 677 937 816 
562 951 0 502 420 947 905 721 461 950 862 348 729 536 298 715 984 282 635 706 537 601 580 989 132 942 266 711 884 294 999 699 856 950 200 627 248 456 347 708 758 560 55 486 96 704 201 431 338 187 
136 874 788 0 67 215 271 8 480 981 891 774 331 941 981 632 492 607 880 948 306 587 705 217 994 542 664 697 94 94 386 281 582 612 420 648 826 690 656 657 22 546 782 352 839 114 984 330 73 863 
277 730 801 333 0 946 794 875 962 843 968 407 228 600 988 839 19 636 16 708 643 25 729 540 158 81 378 624 416 708 696 630 336 425 430 669 722 576 895 683 770 214 90 349 814 429 188 184 416 555 
892 58 931 620 598 0 89 52 327 712 467 34 759 96 722 183 878 742 256 453 636 291 222 201 732 922 366 160 109 550 576 16 793 633 946 412 582 386 464 261 449 282 294 207 730 367 741 607 108 349 
411 95 639 984 648 370 0 905 13 529 366 914 456 381 706 441 678 470 22 416 285 282 864 566 928 423 647 646 163 253 754 863 663 200 501 646 847 870 903 212 751 268 125 206 1000 183 646 29 652 20 
444 936 653 660 853 932 82 0 500 578 596 104 683 459 767 882 311 764 729 181 666 292 931 285 768 488 284 950 134 313 953 505 108 888 157 767 93 441 200 592 18 148 47 52 958 813 933 268 929 13 
448 946 656 730 231 424 570 866 0 373 55 530 678 559 638 917 67 756 9 507 308 952 876 455 999 279 412 163 564 679 91 576 479 389 232 560 971 7 481 836 379 535 718 408 93 355 325 512 462 333 
370 769 285 598 223 635 876 986 797 0 439 17 240 367 847 628 950 758 950 956 239 137 686 773 854 94 218 560 418 81 22 102 450 142 738 399 365 372 275 702 521 65 70 760 783 916 739 732 674 40 
687 912 176 725 36 30 818 253 589 587 0 333 962 688 135 104 426 533 820 149 159 521 669 224 591 780 6 858 870 90 531 909 776 794 437 852 830 466 21 434 406 607 767 720 647 901 823 424 785 994 
924 944 514 945 167 456 724 524 666 946 613 0 548 206 741 342 642 592 523 459 613 956 217 571 74 936 569 326 110 992 111 103 268 54 968 212 572 776 287 447 441 232 60 988 790 800 681 783 743 555 
594 707 511 162 630 936 449 198 262 558 542 724 0 12 809 129 979 20 700 754 306 146 546 890 557 886 31 708 566 813 451 121 758 509 983 919 138 918 367 688 531 924 229 606 935 389 734 266 408 785 
371 65 931 917 954 839 802 336 547 719 149 349 191 0 906 857 173 177 995 443 543 682 325 819 262 931 753 650 16 370 409 801 741 473 83 657 779 921 810 114 467 528 614 167 719 872 24 243 48 370 
37 590 403 362 408 664 644 513 665 659 234 73 459 974 0 897 541 982 675 814 791 141 632 671 754 799 741 977 822 335 24 543 372 966 945 85 725 960 728 237 624 738 471 696 197 796 944 89 778 619 
254 920 111 886 942 864 684 682 841 857 369 216 399 740 181 0 343 176 906 654 255 494 277 992 316 324 188 112 267 629 241 237 882 160 347 119 102 563 802 135 403 10 855 970 408 946 151 102 121 408 
755 375 901 383 367 217 706 906 680 325 886 920 561 120 79 908 0 238 532 470 40 19 224 401 873 193 809 171 695 262 291 102 369 18 3 751 384 571 457 641 250 133 879 521 693 998 951 952 235 835 
773 626 853 348 27 77 893 187 247 587 448 890 41 816 907 395 567 0 642 965 375 634 566 507 512 86 551 509 388 503 96 222 275 721 426 975 747 855 867 933 453 453 733 342 493 548 600 887 466 593 
203 192 227 120 698 90 557 601 951 945 103 46 166 729 766 944 703 865 0 798 569 149 250 374 881 944 866 781 543 105 246 488 307 438 66 779 487 155 335 87 457 279 541 502 797 622 620 740 324 484 
889 245 632 138 970 513 81 835 293 976 291 890 463 950 679 880 728 518 386 0 62 604 843 693 497 344 489 118 963 580 793 446 468 389 430 957 358 294 390 545 938 365 835 827 179 784 858 58 863 375 
443 277 330 285 969 826 981 809 943 943 388 88 741 207 476 522 163 834 815 552 0 378 752 268 564 930 446 700 787 855 562 513 650 838 843 286 158 668 618 966 963 913 705 50 5 263 877 526 426 710 
340 329 439 443 597 3 372 394 702 511 601 615 23 602 805 217 239 962 885 857 280 0 199 769 336 600 773 599 476 298 376 538 989 56 328 431 4 330 154 750 383 16 702 998 391 303 154 607 541 467 
843 749 746 41 517 434 640 641 384 468 938 111 357 278 518 684 60 522 14 214 623 748 0 581 324 745 971 978 898 578 870 717 420 619 462 813 487 247 804 128 982 271 417 92 627 695 610 311 754 483 
676 319 105 423 900 428 520 870 757 769 799 626 485 571 596 299 383 83 545 186 562 527 809 0 978 970 435 24 931 97 130 413 124 448 517 547 699 296 418 921 404 186 719 30 671 289 625 969 23 59 
865 209 620 743 17 598 65 803 973 995 252 102 408 375 550 276 273 600 924 690 520 327 876 591 0 708 898 879 685 218 902 743 434 462 363 529 830 312 593 984 636 587 587 738 346 962 639 974 586 238 
897 628 110 575 855 700 283 752 930 319 321 183 61 754 644 775 282 825 438 226 809 74 813 395 811 0 510 708 449 483 646 38 731 273 147 658 127 846 292 878 776 610 550 310 670 303 954 797 937 778 
234 162 938 659 326 685 469 188 392 269 670 37 659 753 309 805 762 787 3 53 664 130 662 565 439 683 0 868 744 831 156 874 417 317 163 75 995 847 896 182 239 164 203 627 174 307 288 331 68 74 
685 472 90 814 133 654 604 168 873 700 350 28 573 766 697 87 841 691 934 736 224 524 251 426 150 425 733 0 789 107 152 863 791 624 304 956 108 957 911 627 182 610 977 561 534 742 257 621 582 299 
554 669 522 429 272 300 930 48 384 719 154 535 933 944 510 236 899 618 544 161 244 725 771 220 286 656 962 894 0 276 895 193 181 564 66 609 187 717 539 234 100 609 387 987 541 330 496 128 580 113 
671 92 709 748 862 928 33 870 241 278 145 136 822 678 51 888 638 237 956 528 470 408 136 856 394 28 537 241 155 0 468 706 826 559 414 925 773 693 957 642 934 234 138 421 56 167 471 295 805 59 
602 684 880 9 172 87 754 199 975 995 706 794 52 531 704 817 807 476 509 763 469 442 348 959 214 755 125 684 401 281 0 94 3 317 973 11 488 59 117 686 385 463 743 178 514 625 882 330 431 709 
838 193 178 632 893 488 845 999 964 881 400 597 326 754 913 299 116 400 709 232 437 94 694 180 271 559 804 504 888 235 213 0 78 779 742 61 23 229 905 22 544 137 421 140 463 174 52 113 641 803 
821 873 240 266 918 771 889 477 926 392 364 160 956 793 291 697 853 313 277 110 334 173 598 106 312 60 631 716 524 272 518 697 0 144 109 962 413 879 202 889 157 946 605 316 901 397 958 950 602 271 
578 711 604 750 660 62 62 720 692 777 595 963 646 291 458 755 253 871 985 806 759 141 751 715 809 4 112 766 305 713 388 882 775 0 344 632 434 405 45 505 96 173 100 411 818 390 220 924 994 442 
261 152 553 753 902 267 561 257 378 679 561 442 66 443 216 409 426 2 165 470 858 261 994 957 23 811 699 242 87 44 684 347 195 236 0 99 449 502 12 705 232 42 618 673 459 60 241 220 837 242 
384 658 99 996 651 408 18 813 458 260 899 501 295 597 48 530 48 496 383 411 552 614 452 169 639 262 580 879 481 416 472 865 425 922 212 0 75 329 230 240 786 841 138 287 135 87 334 16 134 181 
750 896 732 716 347 901 354 960 832 584 441 248 55 657 672 976 868 99 657 449 338 442 289 827 80 775 913 765 790 398 297 892 645 29 607 991 0 281 312 303 112 895 743 711 301 399 383 628 618 833 
284 67 170 78 707 996 509 482 261 274 623 10 570 514 655 950 472 997 582 135 299 694 381 41 404 681 791 138 661 761 970 296 179 491 373 885 487 0 882 366 99 507 989 108 428 854 114 730 678 111 
311 812 409 4 193 802 760 225 944 897 885 56 219 181 234 709 553 119 195 786 836 645 644 176 105 72 382 218 801 59 328 463 870 89 467 62 242 226 0 287 537 474 523 593 692 703 178 753 608 648 
947 745 484 944 389 11 48 812 392 265 964 450 945 426 672 33 244 85 626 821 371 162 295 246 106 338 300 636 90 259 283 389 4 118 332 744 129 731 555 0 520 995 870 322 939 295 993 323 539 77 
300 359 800 462 5 45 919 695 344 554 784 603 189 524 958 306 207 701 434 937 607 954 932 476 275 222 770 619 897 660 695 196 371 494 9 727 890 928 421 586 0 833 557 188 21 80 497 679 287 197 
112 223 155 417 506 630 43 80 751 661 976 411 356 523 133 201 532 859 91 811 632 676 995 188 215 368 267 711 46 905 259 157 480 413 926 337 394 968 416 144 629 0 743 906 336 266 38 888 797 249 
978 959 880 5 953 67 219 320 333 281 365 590 891 874 69 655 799 405 48 766 173 544 746 915 449 433 180 487 321 328 735 650 638 614 655 591 680 225 262 364 858 979 0 305 100 852 373 755 650 130 
154 767 302 697 865 568 146 297 100 984 969 427 70 619 417 683 625 359 714 201 620 429 58 598 734 158 801 458 264 802 939 417 569 240 466 785 808 611 81 907 946 402 685 0 15 20 453 697 996 811 
762 196 431 542 606 380 627 115 181 437 378 982 375 146 902 967 611 686 126 573 119 384 518 520 420 532 891 873 580 886 683 341 433 465 235 38 845 861 152 377 297 529 358 24 0 675 612 990 637 297 
115 210 767 850 727 286 269 259 528 141 838 413 176 531 846 640 765 235 836 977 387 212 626 267 922 649 293 533 638 930 181 104 139 300 305 217 585 573 827 465 66 665 229 593 547 0 74 232 663 661 
420 639 47 631 264 313 904 912 606 788 901 887 969 356 25 268 12 593 204 585 420 20 2 436 249 594 982 674 177 996 334 596 634 380 579 250 45 834 513 650 622 766 536 942 121 912 0 561 133 856 
764 69 275 136 422 710 384 15 43 57 191 38 391 139 24 122 69 273 166 902 785 167 523 902 54 464 23 965 24 507 821 140 927 447 275 348 509 10 362 551 66 904 941 808 394 316 930 0 462 940 
447 716 76 614 238 978 667 54 352 984 77 858 156 568 136 602 842 483 110 851 196 13 269 451 305 428 197 620 357 658 559 156 725 986 769 963 963 435 16 314 770 444 523 925 12 658 527 205 0 492 
988 408 39 1000 676 490 656 455 38 627 812 47 537 319 772 523 87 734 485 873 101 151 643 896 673 567 907 683 445 464 174 433 871 213 784 898 54 792 352 91 418 515 137 955 833 908 477 271 993 0 
